<?xml version="1.0"?>
<opencv_storage>
<calibration_Time>"Thu Oct 13 09:17:41 2016"</calibration_Time>
<nrOfFrames>25</nrOfFrames>
<image_Width>1280</image_Width>
<image_Height>720</image_Height>
<board_Width>8</board_Width>
<board_Height>6</board_Height>
<square_Size>50.</square_Size>
<FixAspectRatio>1.</FixAspectRatio>
<!-- flags:  +fix_aspectRatio +fix_principal_point +zero_tangent_dist -->
<flagValue>14</flagValue>
<Camera_Matrix type_id="opencv-matrix">
  <rows>3</rows>
  <cols>3</cols>
  <dt>d</dt>
  <data>
    1.0853433624539903e+03 0. 6.3950000000000000e+02 0.
    1.0853433624539903e+03 3.5950000000000000e+02 0. 0. 1.</data></Camera_Matrix>
<Distortion_Coefficients type_id="opencv-matrix">
  <rows>5</rows>
  <cols>1</cols>
  <dt>d</dt>
  <data>
    1.3698574160007587e-01 -2.9012991272290412e-01 0. 0.
    -3.2200961902809344e+00</data></Distortion_Coefficients>
<Avg_Reprojection_Error>9.7302530517636210e-02</Avg_Reprojection_Error>
<Per_View_Reprojection_Errors type_id="opencv-matrix">
  <rows>25</rows>
  <cols>1</cols>
  <dt>f</dt>
  <data>
    1.14539512e-01 1.89911380e-01 1.05862640e-01 9.28219035e-02
    9.35802236e-02 8.23219270e-02 9.64454487e-02 9.44475681e-02
    9.81264189e-02 8.02961886e-02 9.65236351e-02 9.08936858e-02
    8.77814740e-02 9.15145278e-02 8.01272169e-02 8.63481537e-02
    8.62668306e-02 9.46427733e-02 9.15724784e-02 9.23477486e-02
    7.74687901e-02 7.52676204e-02 9.12324563e-02 9.14271176e-02
    9.30404738e-02</data></Per_View_Reprojection_Errors>
<!-- a set of 6-tuples (rotation vector + translation vector) for each view -->
<Extrinsic_Parameters type_id="opencv-matrix">
  <rows>25</rows>
  <cols>6</cols>
  <dt>d</dt>
  <data>
    -2.0015334557579273e-01 3.1815175644826815e-01
    -1.2233527995695012e-01 -1.9321451549176988e+01
    -1.3409247359799227e+02 1.5892966166577819e+03
    -1.9762298266579165e-01 3.5429113261533091e-01
    -1.4729295014152058e-01 -3.4298646807506707e+01
    -1.3183167859481284e+02 1.5899076312829384e+03
    -2.0585808852036117e-01 3.7449046222173349e-01
    -1.6638925782421274e-01 -6.3763854799356231e+01
    -1.1717863998705579e+02 1.6064068675584599e+03
    -2.0572532089698750e-01 3.6245257648233703e-01
    -1.6204140472845346e-01 -9.1425993110163105e+01
    -1.1300875070566599e+02 1.6097316804107991e+03
    -1.9377807394936475e-01 3.1691762567403031e-01
    -1.3324904154237929e-01 -1.0624760666852197e+02
    -1.2048527092844181e+02 1.6040563986113677e+03
    -1.9028583486026673e-01 2.4656328554721546e-01
    -1.1747622109358923e-01 -1.1074175739672731e+02
    -1.2720395959401614e+02 1.5912066429587803e+03
    -1.8209178212266305e-01 1.7470767214781913e-01
    -1.0616104804895893e-01 -1.0635147409371930e+02
    -1.3308288959618031e+02 1.5743256523632551e+03
    -1.7459795390318522e-01 1.4149757783226477e-01
    -8.5953549918824271e-02 -9.2752444611695068e+01
    -1.4121754172297588e+02 1.5608859128932761e+03
    -1.7232507820014215e-01 1.4832461452259885e-01
    -9.4810606547895901e-02 -7.7931116740439094e+01
    -1.4340881539391319e+02 1.5541244390792028e+03
    -1.9597204166206145e-01 2.2733580126371553e-01
    -1.1858960792557593e-01 -6.4908083936805170e+01
    -1.3955749552981732e+02 1.5617567436399490e+03
    -1.8840742751474324e-01 3.0489977911854294e-01
    -1.2488130822339508e-01 -6.6373631621309158e+01
    -1.3700166838024293e+02 1.5738680818334497e+03
    -1.8267820460204642e-01 3.8082534816889729e-01
    -1.2921521686441792e-01 -7.9078820454343870e+01
    -1.3107340475031302e+02 1.5923355986685895e+03
    -1.8891237567359567e-01 3.9007364838474212e-01
    -1.2822266095205478e-01 -8.5794591353453214e+01
    -1.3042851332824543e+02 1.5972107832872280e+03
    -1.9021070903186171e-01 3.7666894255252770e-01
    -1.2449981541598573e-01 -8.8226489003629197e+01
    -1.3170513126158724e+02 1.5960877094524919e+03
    -1.9210961479420816e-01 3.4116116091298149e-01
    -1.1911717483082605e-01 -8.7107669932723155e+01
    -1.3383696889447322e+02 1.5888463133324158e+03
    -1.8864166980925018e-01 3.0290099927244984e-01
    -1.1108913195087994e-01 -8.3355996189463696e+01
    -1.3631600969646337e+02 1.5803679240210661e+03
    -1.8202672324396590e-01 2.5113183240044024e-01
    -9.8913320192190984e-02 -7.6395662026709303e+01
    -1.4053411521171344e+02 1.5685457740045717e+03
    -1.8041271443632281e-01 2.1004220625640063e-01
    -8.9169317703641504e-02 -6.9721765826257695e+01
    -1.4472752114769625e+02 1.5593407588920704e+03
    -1.8063763526409657e-01 1.6607550772584179e-01
    -8.4953219129113716e-02 -6.2485609624830353e+01
    -1.4733328502806907e+02 1.5485066257942756e+03
    -1.8666423784343342e-01 1.4290486123109575e-01
    -9.9132559434296927e-02 -5.4139468766941512e+01
    -1.4667924973275763e+02 1.5392302540069688e+03
    -1.8826418047071222e-01 1.7245761355345290e-01
    -1.1389394838000635e-01 -5.1767821837229114e+01
    -1.4449523760509226e+02 1.5410243916032725e+03
    -1.8864903890202778e-01 2.0948771873604244e-01
    -1.2578267021980036e-01 -5.4187824894523764e+01
    -1.4111666345473154e+02 1.5464023187420653e+03
    -1.9157069047683239e-01 2.6201313521544700e-01
    -1.2917958574531263e-01 -6.1378758643089441e+01
    -1.3718496515454564e+02 1.5565509464897641e+03
    -1.8497474651581655e-01 2.9394610782601921e-01
    -1.2079865515723794e-01 -6.6346368332816965e+01
    -1.3746843544713522e+02 1.5636956900108335e+03
    -1.8030492294864975e-01 3.0518707065370038e-01
    -1.1079071593691329e-01 -7.0186568859668384e+01
    -1.3923882271186204e+02 1.5687890788330378e+03</data></Extrinsic_Parameters>
