<?xml version="1.0"?>
<opencv_storage>
<calibration_Time>"Thu 13 Oct 2016 09:17:39 AM CEST"</calibration_Time>
<nrOfFrames>25</nrOfFrames>
<image_Width>640</image_Width>
<image_Height>480</image_Height>
<board_Width>8</board_Width>
<board_Height>6</board_Height>
<square_Size>50.</square_Size>
<FixAspectRatio>1.</FixAspectRatio>
<!-- flags:  +fix_aspectRatio +fix_principal_point +zero_tangent_dist -->
<flagValue>14</flagValue>
<Camera_Matrix type_id="opencv-matrix">
  <rows>3</rows>
  <cols>3</cols>
  <dt>d</dt>
  <data>
    6.2780267866739280e+02 0. 3.1950000000000000e+02 0.
    6.2780267866739280e+02 2.3950000000000000e+02 0. 0. 1.</data></Camera_Matrix>
<Distortion_Coefficients type_id="opencv-matrix">
  <rows>5</rows>
  <cols>1</cols>
  <dt>d</dt>
  <data>
    -8.2810158506532477e-02 1.1048901786392036e+00 0. 0.
    -5.5529793771052471e+00</data></Distortion_Coefficients>
<Avg_Reprojection_Error>1.4016152655421554e-01</Avg_Reprojection_Error>
<Per_View_Reprojection_Errors type_id="opencv-matrix">
  <rows>25</rows>
  <cols>1</cols>
  <dt>f</dt>
  <data>
    1.37409464e-01 1.56546846e-01 1.72492728e-01 2.13476449e-01
    1.82396591e-01 1.47467092e-01 1.15810819e-01 9.41491500e-02
    1.01860121e-01 1.11863822e-01 1.29597947e-01 1.95869640e-01
    1.63280368e-01 1.71663091e-01 1.36300370e-01 1.20455086e-01
    1.06029883e-01 1.06046945e-01 1.04978532e-01 1.19535066e-01
    1.53578579e-01 1.44758269e-01 1.24572940e-01 1.02370679e-01
    9.75882560e-02</data></Per_View_Reprojection_Errors>
<!-- a set of 6-tuples (rotation vector + translation vector) for each view -->
<Extrinsic_Parameters type_id="opencv-matrix">
  <rows>25</rows>
  <cols>6</cols>
  <dt>d</dt>
  <data>
    -3.9570471546869873e-01 4.4750223956279568e-02
    -3.0896636993375498e-02 -7.6633786515593911e+01
    1.8200693114923095e+02 1.4730030389482411e+03
    -3.8409077550902043e-01 4.4797971192029301e-02
    -3.8734114117674717e-02 -7.9736541590895527e+01
    1.8422883096728623e+02 1.4725804570096202e+03
    -4.0782949848952588e-01 5.9103594411067585e-02
    -7.8604497495325096e-02 -9.2579652844801615e+01
    1.9259037108303230e+02 1.4776370192094450e+03
    -4.1595670594725120e-01 8.9258551655730115e-02
    -1.1653965648106948e-01 -1.1854592977601344e+02
    2.0278431612843298e+02 1.4804014309368856e+03
    -4.1476442337186958e-01 9.2732893912731776e-02
    -1.1789799307808545e-01 -1.7244177052232396e+02
    2.0794890371495339e+02 1.4730104523592802e+03
    -4.0247014943006504e-01 4.3157102591873199e-02
    -8.1784004472436278e-02 -1.8151061041894903e+02
    1.9639491601285690e+02 1.4645591896051289e+03
    -4.0229883639253206e-01 -3.4195133040255253e-02
    -6.0355352373952578e-02 -1.8047498656036154e+02
    1.8701394114140638e+02 1.4507001456528283e+03
    -3.9937491796252406e-01 -1.0856239809927340e-01
    -3.0699201367480923e-02 -1.6583165906963958e+02
    1.7554146757812777e+02 1.4351139104970484e+03
    -3.9140715449468660e-01 -1.2216439177463000e-01
    -2.2054921414569099e-02 -1.4206050178294910e+02
    1.6850573029458300e+02 1.4275215508047186e+03
    -4.0785875027042900e-01 -7.3489376873456635e-02
    -5.1273747465811453e-02 -1.3012755657346815e+02
    1.7360561250550418e+02 1.4358216143029408e+03
    -3.9691106775349877e-01 1.0056845834431061e-02
    -7.2762969959460355e-02 -1.3104281015338836e+02
    1.7907265972914652e+02 1.4479104597467217e+03
    -3.9933442130571811e-01 8.8942987026999709e-02
    -8.3678387928626738e-02 -1.4217054659391442e+02
    1.8631312848287178e+02 1.4608643751640982e+03
    -4.0621720247629078e-01 1.2754625518134155e-01
    -9.1119076379779271e-02 -1.5647490735160599e+02
    1.9018629186470898e+02 1.4687181443453758e+03
    -4.0586127513599118e-01 1.0990364115497976e-01
    -8.4957900267833883e-02 -1.6103090693273367e+02
    1.8798686433343332e+02 1.4666216629732048e+03
    -4.0577328293351833e-01 6.6099715694759947e-02
    -7.2422266541535385e-02 -1.5644830253811838e+02
    1.8362957905506497e+02 1.4590933515173351e+03
    -3.9762849549747437e-01 -6.5108252527553857e-03
    -4.7882258936642379e-02 -1.4402548229787024e+02
    1.7630731195620032e+02 1.4461605384406216e+03
    -3.9673678834574028e-01 -6.5919152122835292e-02
    -2.5824860849725954e-02 -1.3032635202509033e+02
    1.6877558543402856e+02 1.4356235380461924e+03
    -3.9735569329650133e-01 -1.1201295852668183e-01
    -2.0611314534028057e-02 -1.1889397519975722e+02
    1.6521834169592603e+02 1.4251725835761226e+03
    -4.0200320520123739e-01 -1.1268811434886099e-01
    -3.8495854765882576e-02 -1.1057023136892030e+02
    1.6665322443935935e+02 1.4234243557411962e+03
    -3.9451986601117039e-01 -6.8749305949144690e-02
    -6.2857322340826610e-02 -1.1304952544031062e+02
    1.7176231557288844e+02 1.4282582628051211e+03
    -3.9116592147096862e-01 8.2746688162458546e-05
    -7.5796949907077082e-02 -1.2632525048228078e+02
    1.7819904248396048e+02 1.4386650398150255e+03
    -3.8756339340914775e-01 3.5744176925500644e-02
    -6.5149131348420347e-02 -1.3479525431661645e+02
    1.7772186953707782e+02 1.4457172343551408e+03
    -3.9459948620516488e-01 3.4425513396088660e-02
    -5.5676594870242534e-02 -1.3642025542458506e+02
    1.7592676819377112e+02 1.4486454900008491e+03
    -3.9572553648127939e-01 1.1555284879078288e-03
    -4.7978594238772453e-02 -1.3317733065317401e+02
    1.7326351477546757e+02 1.4441483605591304e+03
    -3.9469731935539160e-01 -4.6098618217327685e-02
    -3.3485971982792059e-02 -1.2477288614749610e+02
    1.6949206737762688e+02 1.4365674523321804e+03</data></Extrinsic_Parameters>
