%YAML:1.0
transform:
   q_x: 1.7064015781524068e-03
   q_y: 6.0445924849216849e-03
   q_z: -9.7350346098289034e-04
   q_w: 9.9997980148918819e-01
   t_x: -7.5419755820322209e+01
   t_y: -5.4096187886474887e+00
   t_z: 2.9238268551394069e+00
